user_ID	average_path_to_allusers	Approximate diameter
104678	3.337312309744502	80.44921229948345
122297	3.785443102917536	
016439	4.026028662311455	
059284	3.8501214214864725	
071360	4.093990491500496	
132211	3.2704449840954952	
031568	4.122515990012655	
104816	4.116359407599959	
108727	3.791907514450867	
031318	3.9701747785340493	
052984	4.1136573519854975	
025554	4.717994322262886	
124039	4.133187399527995	
112861	4.673495912713343	
070734	4.661866812600472	
096995	3.7966617642028937	
013049	3.9945616855354515	
098685	4.071963607757294	
087153	3.901768307281869	
084919	3.641002838868557	
055860	4.133221602763621	
139088	4.559633341314088	
067650	3.7962171221397543	
027760	3.5896979854294218	
042576	4.25474569894312	
000357	4.299073092314533	
143984	3.9475664397852035	
077823	4.223996990115265	
005809	4.020692957553784	
064747	3.8261791565482093	
080849	3.6612853575948283	
144161	3.3310189143893014	
080150	3.6593699763997676	
031318	3.9701747785340493	
139118	3.522009782125389	
110982	4.447002086397373	
126605	4.136847145739987	
054243	4.048158155761535	
105809	4.49522864863016	
089060	4.456818415022061	
019995	4.134179293361152	
024082	4.228922256045422	
106341	4.120976844409481	
021917	3.8508396894346206	
029642	3.573588261449533	
068180	4.141225159900126	
056981	4.200020521941376	
040403	3.85443102917536	
001183	3.8062044669425728	
124383	3.732770120053357	
070181	3.416698019632657	
092458	3.751787119061463	
098144	4.161986523925163	
043118	3.846803707630742	
127751	4.16455176659712	
074885	4.289222560454219	
056614	4.328351062010467	
101909	3.7401238157129666	
072911	3.8052809795806684	
001998	3.988678729007764	
097177	4.543592023805452	
141631	3.5639771522386017	
057184	4.282450319800253	
008234	3.8170468926360432	
055405	4.567534288743715	
112447	4.646099120976844	
100764	4.692136676129562	
032398	4.349933303690529	
053012	4.3184663269145265	
109552	4.203714471388993	
125714	4.378903444265828	
128297	3.8674624619489	
123622	4.39480794883196	
052973	3.546601908540548	
122204	4.209700037623559	
143188	4.372507439203749	
084208	3.382528987242193	
069833	4.918151657146766	
009972	4.813831788487191	
084521	3.6631665355542635	
034768	4.457810308855218	
057807	3.9346718199541675	
092539	3.299073092314533	
088074	3.405513561582926	
144923	3.886342648014502	
125448	4.444881485788556	
052511	3.8606902212949343	
059255	3.8594931080480213	
129304	3.8250846530081746	
012110	4.7956356671341105	
093847	4.541574032903513	
132781	4.43653589629579	
009246	4.049218456065944	
021881	4.130040701850395	
005953	4.775284741936587	
131645	4.0404282245100385	
142786	3.8705407531552485	
103070	3.684338338406813	
090867	4.8321647227827755	
088945	4.336970277388241	
059947	4.088723193214078	
000631	3.6744878065464994	
120479	3.6996955912029277	
122412	4.655470807538393	
047988	3.46400109450354	
082303	3.225980777781578	
017075	3.755788897629716	
033643	3.4012381571296646	
067850	3.964497041420118	
119576	4.076375825153059	
008999	3.6180866709990767	
061596	4.57817149502343	
091536	4.570886205835072	
023116	3.8819988370899887	
061248	4.138112665458152	
098097	4.002154803844443	
088373	4.860211375996169	
094780	3.4219311146834492	
025077	4.409754762800561	
066387	3.5449943564661215	
136503	4.115606936416185	
060555	3.7213120361186167	
119502	3.70055067209358	
072356	3.842220474056846	
086982	3.7503163799295414	
115559	3.9638471799432224	
130548	3.9232479392550537	
000058	4.088723193214078	
132027	3.7937544891746757	
112141	3.8959537572254335	
024521	4.42025515613777	
083361	3.6147347539077197	
081705	3.4456339569723298	
093280	4.282792352156514	
005448	4.334405034716284	
001056	4.168485138694121	
025501	3.1580189485925367	
082290	3.958956117248692	
108059	4.872045695522797	
090738	4.187467934466601	
132740	4.542771146150426	
016883	4.0029414782638435	
027621	4.322228682833396	
102807	3.8761500837979272	
082647	3.7641686903581077	
089402	3.239149023497623	
004884	4.322057666655265	
144612	3.968498819988371	
098189	3.7303074870882784	
011516	4.307829120634812	
064555	3.8016212333686767	
116141	3.7633478127030817	
063794	4.41317508636317	
061460	4.712829633683347	
097876	3.9334747067072544	
116903	4.410883469576222	
144308	3.7453569107637583	
122111	4.575914081472107	
127305	4.5625064131066795	
145097	3.8512501282621336	
145319	3.519273523275302	
011220	4.095221807983036	
127793	4.253788008345589	
105009	3.682286144269248	
115787	4.267366692889147	
136138	4.65759140814721	
138731	4.043882751308273	
098064	4.115812155829942	
102433	3.6996955912029277	
133255	4.592536853986387	
054127	3.9077538735164348	
002890	3.8996819099086775	
080919	3.763039983582447	
046458	3.952560112186613	
033956	4.110921093135411	
117143	3.7272633991175566	
008339	6.445668160207956	
123259	3.6636453808530285	
140507	3.6839278995793	
062847	3.1153333105311765	
029222	4.079146287238773	
145328	4.0061907856483225	
058149	4.6507165577863665	
126135	3.998016212333687	
145314	4.030201457057838	
086984	4.003864965625748	
004066	2.9105927420734004	
074942	3.550808906522557	
027449	5.1136915552211235	
007482	4.058008687621849	
050455	4.596367616376509	
066310	4.208229298491637	
083449	3.5250880733317373	
011723	3.8315832677771318	
053029	3.884016827991928	
088015	4.502821766939152	
087983	4.257071518965694	
124488	3.7836645346649793	
052824	4.001299722953791	
132253	4.121387283236994	
083382	3.6925471149570748	
052606	4.118445804973151	
136518	3.664466258508055	
006902	4.165475253959024	
108427	3.8792967814755275	
000177	3.7924889694565107	
062051	4.3900879023155595	
111253	4.152649040599241	
106362	4.312583370386839	
077896	4.695933235284058	
065556	3.8758422546772926	
057213	3.1544618120874235	
025153	4.091733077949174	
125830	3.697472380887232	
101641	4.176215069945616	
052776	3.792591579163389	
092616	3.94838731744023	
138128	4.49584430687143	
064701	3.211478605876116	
012571	3.8643841707425524	
141706	4.019359031364367	
054721	4.039880972740021	
116194	4.166398741320929	
001956	4.0287307179259155	
106161	4.109655573417245	
109392	4.2301535725279615	
142894	4.199815302527619	
117282	4.099873448028183	
132101	4.569723295823785	
120745	3.799090193932346	
071581	3.7928310018127713	
032143	5.078291206348121	
133832	3.8598009371686564	
097171	4.385436262270411	
000219	4.279714060950166	
138638	3.738071621575401	
120214	3.6305708520025997	
075278	3.8254608886000616	
132179	4.747922153435715	
085614	3.951157779525943	
115932	3.9987002770462086	
080468	4.5149981188220405	
000030	4.217156342990047	
069157	4.430174094469336	
130391	4.163012620993946	
017504	4.27967985771454	
035937	3.862674008961248	
124365	3.9020419331668776	
139680	4.336970277388241	
009972	4.813831788487191	
035793	3.35482436638506	
094757	3.958340459007422	
079753	3.7806546499298834	
101269	3.8436228067175153	
119129	3.4732701713582106	
114705	3.738140028046653	
088859	4.41351711871943	
008333	3.782706844067449	
112475	4.311249444197421	
014446	3.443137120771625	
008494	3.885932209186989	
116508	3.4022984574340733	
048181	4.263091288435886	
028151	3.7413893354311316	
050811	3.464479939802305	
052336	4.373225707151897	
100345	4.671101686219516	
090781	3.5820706638848034	
069574	3.809351164620173	
129089	4.351438246058077	
083089	3.7067756609775286	
122589	3.984540137497007	
093367	4.70588637685125	
090515	3.8573041009679514	
005814	3.680131340424804	
066448	3.9967164893798954	
066938	3.9664124226151793	
103293	3.7544891746759244	
000696	4.431439614187502	
083058	3.8353114204603758	
004007	3.860929643944317	
006822	4.361425590860896	
003572	3.9182884700892706	
034759	4.596401819612136	
112537	3.5848069227348907	
085117	3.6030714505592227	
097420	4.044908848377056	
114160	3.1010363580394706	
031819	3.803570817799364	
033396	4.458220747682731	
127004	3.573588261449533	
072359	3.929199302253993	
100829	3.7334199815302527	
007658	3.8694120463795874	
071644	3.655333994595889	
142482	5.081403700790095	
026764	4.364845914423505	
002824	4.240688169100797	
122640	3.817628347641687	
114139	3.1341108868899	
100880	4.054827786708622	
020334	4.364093443239731	
021268	3.8580565721517255	
049303	3.7536682970208983	
090473	3.717481273728495	
120862	3.621609604268564	
056356	3.9425385641481685	
081919	4.116462017306837	
030162	4.525430105687998	
027899	3.4857543523617336	
137294	3.479563566713411	
089793	4.903410062591921	
125578	3.778773471970448	
010535	4.186031398570305	
116196	3.5982829975715704	
011237	3.962137018161918	
025624	4.30321168382529	
139312	3.5847043130280123	
117831	3.887437151554537	
121230	3.708143790402572	
101986	3.4111912986968567	
132056	3.4630434039060094	
120083	4.691828847008927	
116472	4.19762629544755	
062723	4.248828539179806	
002489	4.2027567807914625	
090452	4.615966070390259	
132021	3.9217429968875055	
129001	4.00988473509594	
069189	4.068851113315319	
101587	3.3320108082224578	
083437	3.6526661422170537	
128019	3.746451414303793	
031908	4.011389677463488	
002575	4.21818244005883	
071700	3.9259157916338885	
059043	4.478776892294011	
062825	4.057735061736841	
012907	3.5907240824982045	
064312	3.4050689195197865	
134113	4.162089133632041	
029403	3.306153162089134	
108739	3.609877894448815	
109349	4.401511783014673	
069196	4.231350685774874	
049326	3.777952594315422	
091558	3.858227588329856	
103706	3.9253001333926187	
097898	3.9239320039675754	
122025	4.663576974381776	
045857	3.76721277832883	
070119	4.234736806101857	
044160	4.974313370044806	
033911	4.039915175975647	
042539	4.224783664534665	
139308	3.554126620378288	
010951	4.240893388514554	
128207	3.627971406095017	
080465	4.160994630092007	
067171	3.6056024899955537	
123312	3.979101823032459	
054352	4.508738926702466	
071347	4.26996613879673	
084163	4.834148510449088	
012515	3.6225672948660943	
127081	3.8124294558265213	
099727	3.5677395081574717	
028926	4.126722987994664	
050797	4.811676984642747	
077777	4.035058316516743	
065788	3.2786879638813833	
013860	3.70431302801245	
060280	5.316208913363204	
057755	3.504600335191709	
030711	4.106406266032766	
074030	3.8160207955672605	
017072	3.897253480179225	
088287	4.192085371276122	
104604	3.826384375961966	
124713	3.9175017956698706	
008299	3.9812224236412765	
024208	3.9842323083763724	
070400	3.60125867907104	
121297	3.824195368881896	
129242	5.573827684098916	
070103	4.136163081027465	
038295	4.616957964223416	
141072	3.9498580565721517	
112281	4.028799124397168	
057989	3.323391592844683	
087918	4.381708109587167	
131876	3.8891131101002157	
052973	3.546601908540548	
016624	3.9115846359065567	
124556	4.865239251633205	
066350	3.886240038307624	
039572	3.8443752779012894	
102608	4.725450627629374	
133053	4.133084789821117	
106813	4.069329958614085	
066230	4.479495160242159	
017941	4.642507781236105	
130460	4.289530389574854	
017188	4.7564729623422375	
137515	4.117282894961863	
013756	3.943120019153812	
137790	3.5985224202209527	
052698	4.01976947019188	
075156	4.184868488559018	
132414	3.230153572527961	
064476	3.4838389711666724	
076486	4.604576392926771	
111071	4.569723295823785	
089763	3.9244108492663408	
082608	3.9237267845538186	
073647	3.582549509183569	
127815	3.8000820877655026	
125876	3.713889933987755	
098071	4.562574819577932	
038951	4.023258200225741	
052389	3.2292300851660567	
084226	3.7708725245408217	
003585	4.038273420665595	
069321	3.7393371412935665	
106963	4.226699045729726	
025642	3.7150186407634163	
124379	4.027259978793994	
114976	3.6915894243595444	
075069	3.795225228306598	
145415	4.014638984847966	
081974	3.6816704860279783	
112916	4.061771043540719	
011767	3.502548141054144	
029642	3.573588261449533	
101027	3.2340869446249614	
003820	3.725519034100626	
086898	4.127338646235934	
125030	4.357526421999522	
105732	4.15747169682252	
030071	3.917262373020488	
144050	3.310941615076786	
136750	4.1752231761124605	
068391	4.287478195437289	
019120	3.320279098402709	
017113	3.984505934261381	
109035	4.069432568320964	
049089	3.834695762219106	
080079	3.996648082908643	
017469	4.494612990388891	
118546	3.4520983685056605	
100096	4.12265280295516	
025064	3.7132400725108594	
016523	4.328590484659848	
075844	4.75199233847522	
002959	3.888497451858946	
068057	3.9705168108903104	
028391	3.8857953962444847	
117689	3.687621849026918	
084322	4.32534117727537	
013785	4.571125628484455	
123884	4.707015083626911	
043704	4.690289701405753	
123803	3.001607552074426	
008711	4.318090091322639	
125429	3.658480692273489	
028461	3.9762971577111195	
011588	4.590655676026953	
064639	4.068167048602798	
013860	3.70431302801245	
095032	4.210076273215446	
144972	3.9721585662003625	
027925	3.853986387112221	
089086	3.6594383828710195	
096430	3.867701884598283	
031561	3.8685569654889354	
118909	4.175120566405582	
054075	4.192427403632384	
041962	4.025036768478298	
050698	4.627492560796251	
041572	3.720285939049834	
127469	3.9569039231111263	
027237	4.127680678592195	
136927	3.8675308684201526	
114554	3.8776892294011014	
063794	4.41317508636317	
084496	3.591305537503848	
100051	4.0187091698874715	
008601	4.153504121489893	
093769	4.057632452029962	
121724	3.6525977357458017	
083366	3.8084276772582686	
063873	3.9489003659746214	
001274	3.9057016793788693	
120596	3.66337175496802	
009126	3.7708725245408217	
054062	4.029791018230324	
118180	3.3769880630707667	
010315	3.9012552587474776	
114328	3.840510312275541	
109461	4.7656736327256555	
087428	3.8431439614187504	
130391	4.163012620993946	
083588	3.9971953346786604	
111296	3.6506481513151146	
122460	3.7851694770325275	
121364	4.444539453432295	
113404	4.6307076649451036	
068310	3.8304545610014706	
084498	3.938536785579916	
089980	4.384615384615385	
005624	4.093067004138591	
133302	4.278927386530766	
116652	3.4586311865102437	
089821	3.3310873208605534	
029608	3.1737524369805383	
140935	3.676950439511578	
121537	3.7602695214967334	
101858	4.312172931559325	
065902	4.666005404111229	
109818	4.189143893012279	
104537	3.853302322399699	
116531	3.4554844888326435	
102984	4.95389403837603	
122021	3.79450696035845	
098564	4.029620002052194	
117829	3.798337722748572	
105790	4.184218627082122	
035375	4.069637787734719	
121897	3.8429387420049936	
087843	3.901050039333721	
073529	4.156821835345624	
083668	3.9465061394807948	
122899	3.8861032253651198	
014479	4.097308205356227	
127263	3.8819988370899887	
084281	4.170742552245442	
013977	3.961350343742518	
007449	3.4748777234326367	
060885	3.5797448438622292	
057281	3.629271129048808	
000588	4.6083045456100145	
058976	4.8355508431097585	
132479	4.072066217464172	
082303	3.225980777781578	
029637	4.012484181003523	
116153	3.735916817730957	
102032	4.078599035468756	
065972	3.967712145568971	
122343	4.1794301740944695	
080555	4.364196052946609	
081107	4.128227930362212	
101902	3.593289325170161	
111544	3.773027328385265	
061789	4.34476861511099	
142114	3.794472757122824	
050782	3.900605397270582	
089810	4.867770291069535	
014063	4.005301501522044	
046085	3.927523343708315	
006985	4.7006532818004585	
092091	4.018948592536854	
119173	3.665218729691829	
089858	5.244245305605911	
013117	4.633991175565209	
120437	3.0504839757841093	
000818	4.184834285323392	
117584	4.321339398707118	
089916	4.167356431918459	
133960	4.9770496288948936	
069624	5.012723603652906	
137833	4.876902554981701	
110326	3.9072750282176694	
112482	4.369839586824914	
145364	3.4979307042446215	
041382	4.114820261996785	
138408	3.5465335020692956	
118078	3.8277183021513834	
062965	3.537948489927147	
070766	3.8751581899647705	
022162	4.0704244621541195	
009169	3.406744878065465	
098834	3.785306289975032	
064642	4.276498956801313	
124070	3.0077983377227486	
030433	4.399049150049595	
100769	4.112118206382323	
034506	3.7931730341690324	
113230	4.025447207305811	
103508	4.6473646406950095	
042781	3.517118719430858	
070511	4.157847932414406	
116576	4.986455518692068	
002216	3.849197934124568	
093358	3.890481239525259	
126599	4.107398159865923	
096396	3.725142798508739	
106445	4.018264527824332	
012138	3.9046755823100865	
007361	3.6899818722851183	
011800	3.557307521291514	
071705	3.10620104661901	
081440	3.5218045627116323	
003542	3.8427677258268633	
070905	4.077265109279338	
069868	4.386564969046072	
000688	4.219721585662004	
059126	3.7045182474262064	
106959	3.7560967267503504	
070635	4.046516400451483	
031067	3.890891678352772	
063694	3.787290077641345	
110343	3.657694017854089	
123922	3.518863084447789	
083222	4.227588329856005	
063974	4.161097239798885	
123803	3.001607552074426	
065788	3.2786879638813833	
131656	3.7606115538529945	
072123	3.7157711119471903	
027918	4.02100078667442	
069378	3.8911311010021548	
028554	4.08407155316893	
009072	3.9797858877449808	
070031	3.4786400793515067	
123714	4.417997742586449	
143716	3.3693265382905224	
134428	4.695420186749667	
070766	3.8751581899647705	
017751	4.535930499025207	
059978	3.7695385983514043	
054750	3.645244040086192	
079296	3.2666142217053733	
057798	3.9780757259636763	
002787	4.314430345110647	
019349	3.905564866436365	
021058	4.292061429011184	
125001	3.7932756438759108	
058735	3.6330334849676778	
022663	3.5717070834900984	
117874	3.6981222423641276	
089392	3.151657146766084	
120955	4.514690289701406	
117282	4.099873448028183	
096009	4.109210931354106	
054059	3.5524848650682355	
106264	4.228203988097274	
125071	4.4133461025413006	
033178	3.9133974073947395	
089311	3.7067756609775286	
029629	3.497691281595239	
069100	3.9838560727844854	
010470	4.289119950747341	
076399	4.731265177685809	
090199	3.506549919622396	
097361	3.8556965488935253	
101075	4.341245681841502	
137575	3.981701268940042	
101425	3.9300885863802715	
088170	3.594383828710196	
005804	3.543249991449191	
054381	3.823442897698122	
005322	4.383931319902863	
103784	3.5213941238841193	
066223	4.742004993672402	
006267	4.514895509115163	
126965	4.076410028388685	
124543	3.419981530252762	
072488	3.80141601395492	
114446	4.134247699832404	
097091	3.962137018161918	
000362	4.345863118651025	
034485	3.412491021650648	
111425	3.948763553032117	
033706	4.133734651298012	
063773	4.164278140712112	
103178	3.8838800150494235	
070647	3.1084584601703322	
041962	4.025036768478298	
081899	4.540992577897869	
086971	4.049765707835961	
080610	4.343434688921572	
001471	3.9671990970345794	
089435	4.0311591476553685	
099551	3.8822040565037454	
129280	3.093203817081096	
105068	3.9762629544754935	
065248	4.162123336867667	
100127	3.6296815678763212	
107296	4.380032151041489	
078384	4.033108732086055	
142254	3.2836474330471663	
000916	3.977938913021172	
084514	3.7283921058932177	
032566	4.081574716968225	
068146	3.7303074870882784	
025181	4.51150938878818	
085550	4.161712898040155	
020883	4.483907377637925	
097284	4.08485822758833	
094434	4.216267058863768	
029522	3.7027054759380236	
091981	3.249786229777337	
017999	4.0320484317816465	
075714	4.244929370318432	
140164	4.049663098129083	
135021	3.5021377022266305	
123579	3.621233368676677	
045728	4.347675890139207	
017619	3.789718507370797	
000921	3.6766768136265693	
006838	4.01067140951534	
092334	4.130895782741048	
057060	4.7864007935150665	
013982	3.625816602250573	
003520	3.9518760474740913	
084735	3.5672948660943327	
121827	3.336286212675719	
114119	4.38413653931662	
143382	3.882888121216267	
118242	3.735061736840305	
002209	3.3554058213907036	
096360	4.454595204706365	
071047	3.819509525601122	
088034	3.9294387249033758	
090663	3.247870848582276	
017275	4.535451653726443	
007816	3.80736737695386	
124050	3.900194958443069	
127521	3.580770940931012	
074569	4.479016314943394	
034605	4.470499709272497	
020554	4.427472038854876	
022151	4.1236446967883165	
092220	3.7519239320039675	
088478	4.4009645312446555	
011592	3.92659985634641	
077547	4.962581660225057	
067286	4.262509833430243	
012537	4.484523035879194	
089564	4.069158942435955	
000273	4.005130485343914	
097537	3.7045182474262064	
129619	4.0321168382528985	
027147	3.8322673324896535	
006316	3.5918185860382392	
033289	4.644012723603653	
124941	4.528747819543729	
008315	3.663679584088655	
116422	5.058213907035605	
000904	3.5688682149331328	
105955	3.7165919896022164	
021266	4.515990012655197	
091606	3.443855388719773	
105653	3.4176215069945615	
019211	4.060881759414441	
111288	4.689674043164484	
118065	4.109689776652871	
082336	4.0777781578137295	
080182	4.437425180422068	
137025	4.08502924376646	
000773	3.5961623969627525	
050782	3.900605397270582	
071733	4.057393029380579	
106324	4.008208776550262	
009713	4.3654957759004	
137635	3.802168485138694	
079041	4.031535383247255	
113739	3.4649587851010706	
132585	3.9629920990525704	
108329	4.217019530047542	
006619	3.9491055853883776	
017711	3.7936176762321714	
000531	4.438553887197729	
136170	4.504497725484831	
118506	5.039128501556247	
120315	4.558573041009679	
017105	4.079830351951294	
062339	3.8690358107877003	
107110	3.81348975613093	
058415	4.654752539590246	
135822	4.3184321236789	
125332	4.314259328932517	
120809	3.8701303143277355	
143011	6.024865752300167	
132265	4.088517973800322	
116827	3.1530252761911277	
000669	4.614974176557102	
080859	4.025344597598933	
013476	4.201696480487054	
100084	3.6858774840099873	
142553	3.3603652905564867	
089606	3.9867975510483293	
081896	4.431097581831241	
145757	4.234223757567466	
030656	3.9020077299312517	
074851	4.076239012210555	
121309	3.4660532886411053	
012652	4.393987071176934	
098102	3.7712145568970823	
117581	3.9308068543284196	
062930	4.0820535622669905	
031110	4.550330061223792	
052503	4.822553613571844	
071771	4.184629065909635	
053985	4.721585662003625	
108476	4.452235181448165	
068301	4.5232753018435545	
131052	5.995177343776721	
137212	4.227041078085987	
017682	3.8357560625235148	
029836	4.2002599445907585	
145410	3.843793822895646	
132019	4.536477750795226	
021306	4.019872079898758	
086180	3.8819304306187363	
136163	4.726545131169408	
073079	3.9422307350275334	
142438	4.082087765502616	
140808	4.555221123918322	
108647	3.940828402366864	
122135	4.108013818107193	
130870	4.45394534322947	
133836	4.502616547525396	
138106	3.5239251633204502	
011327	4.504292506071074	
124231	3.7003454526798234	
060327	3.7995348359954852	
010208	3.7837671443718577	
113337	4.069637787734719	
077267	3.827991928036392	
101880	3.7459383657694016	
019856	4.033450764442316	
144434	4.594828470773336	
120428	4.620070458665389	
043138	3.733522591237131	
065858	4.048363375175292	
026377	4.816328624687896	
018662	4.609775284741937	
085511	4.173170981974895	
070710	4.496323152170195	
139544	4.473749016656976	
007373	3.794164928002189	
109109	3.7587645791291857	
029595	3.443889591955399	
011592	3.92659985634641	
004474	4.000478845298765	
071865	4.103020145705783	
029376	3.4729281390019495	
107315	3.7420391969080273	
112942	4.3335499538256315	
010953	4.167630057803469	
096995	3.7966617642028937	
140434	4.186783869754079	
043890	4.611314430345111	
066671	4.229127475459179	
000700	3.980538358928755	
064345	3.016246536922393	
132865	3.838458118137976	
084714	3.909122002941478	
100846	4.710093374833259	
089424	3.8141054143721997	
062702	3.7712829633683347	
063670	4.382734206655949	
115520	3.9716797209015975	
077177	3.6359749632315217	
034675	3.5551527174470703	
009061	4.56346410370421	
075177	4.385504668741663	
116493	4.732017648869583	
054647	4.177343776721278	
005590	3.3629989396996955	
067904	3.952594315422239	
090218	3.537093409036495	
071054	4.7905393850258235	
092027	3.3340630023600233	
057280	3.7022266306392586	
085603	3.713889933987755	
000818	4.184834285323392	
120083	4.691828847008927	
094656	4.167561651332216	
125154	3.6134350309539283	
123133	4.723603652905565	
098642	3.99623764408113	
059232	4.403085131853473	
028083	4.531381468686938	
096982	3.6389848479666176	
114884	3.8635974963231523	
129885	3.9011184458049732	
125782	3.635769743817765	
012372	3.5571023018777574	
120956	3.9753052638779627	
059015	4.130998392447926	
074940	4.487806546499299	
005890	4.620378287786025	
118352	3.134589732188665	
062968	4.104935526900845	
023731	3.6604986831754283	
025554	4.717994322262886	
001446	3.3272907617060574	
102263	4.035981803878647	
012619	4.276669972979444	
000824	4.383862913431611	
016741	4.138386291343161	
102803	3.6400793515066527	
080528	4.07733351575059	
076262	3.8647946095700654	
031493	3.7836987379006053	
061017	4.242227314703971	
123471	3.537059205800869	
110491	3.5160584191264492	
065781	3.8691042172589527	
116373	4.050620788726613	
142923	4.058282313506858	
028989	3.816499640866026	
139109	4.391285015562472	
123182	4.1286383691897255	
008100	3.7471012757806887	
025287	3.921024728939358	
013646	4.08249820433013	
088125	3.5794028115059686	
097157	4.167630057803469	
023928	4.017204227519923	
052585	4.0454218969114475	
139523	3.689126791394466	
067005	3.854396825939734	
120086	3.5056606354961177	
028463	4.158531997126929	
088037	3.8281287409788964	
053492	4.488764237096829	
025629	3.4986831754283956	
054946	3.8497109826589595	
063229	3.9885761193008857	
104454	3.836679549885419	
126161	4.21004206997982	
097134	3.769880630707665	
007518	4.255463966891268	
072170	3.422991414987858	
106532	3.7371481342134967	
082331	3.8656496904607174	
006283	4.558504634538427	
012834	4.026781133495229	
028996	3.621985839860451	
103262	4.2452029962034405	
011108	3.706912473920033	
143189	4.187023292403461	
012176	4.79231795327838	
003882	3.9388104114649245	
021939	3.5539214009645312	
070959	4.601703321134179	
134462	4.432192085371276	
120097	4.016349146629271	
109632	3.9023155590518863	
001638	4.118548414680029	
021869	3.879502000889284	
018028	4.104901323665219	
108898	3.7997400554092415	
079772	3.7413551321955056	
020547	3.403734993330369	
085852	3.92126415158874	
088537	4.4980333139515	
061932	3.7790470978554573	
020472	3.6989089167835276	
064313	3.9595717754899615	
102294	3.7724800766152478	
113046	3.777747374901666	
070613	4.619283784245989	
059283	3.0934432397304783	
013011	4.607244245305606	
026413	3.74368095221808	
101257	4.096863563293088	
064676	3.8732428087697097	
127104	4.054246331702979	
084968	4.279235215651401	
138230	3.869172623730205	
118637	4.026952149673359	
133009	4.04689263604337	
064087	4.072066217464172	
130002	4.1553168929780755	
032923	3.771009337483326	
015181	3.9770154256592676	
003129	4.293976810206246	
116454	3.7197044840441906	
055747	3.497041420118343	
090074	3.9361767623217156	
127133	4.011629100112871	
053876	4.2185928788863425	
129989	4.583507199781099	
056608	3.688134897561309	
030206	3.9577248007661523	
083103	3.859287888634265	
011740	3.8466668946882376	
101523	3.47843485993775	
080760	4.411020282518726	
005153	4.494373567739508	
005113	3.863905325443787	
104855	4.256250641310668	
139861	3.5627800389916886	
113329	3.7652289906625165	
144355	5.089270444984096	
130698	3.8186886479460957	
009240	4.46225672948661	
062451	3.763074186818073	
029904	3.907172418510791	
101900	4.201525464308924	
090780	4.024626329650785	
012184	4.192837842459896	
082788	4.951123576290317	
082486	3.6844409481136915	
073575	3.9909703457947123	
101071	3.989704826076547	
024629	3.9111741970790437	
066329	4.211341792933611	
006703	3.791155043267093	
002977	4.144577076991483	
108817	4.447241509046756	
049340	3.66792078530629	
064778	4.027362588500872	
090972	3.9800595136299894	
132425	3.8890105003933373	
084139	4.338270000342033	
135168	3.8441358552519067	
093769	4.057632452029962	
134301	4.187604747409105	
139111	3.6674077367718985	
077590	3.583507199781099	
010274	4.227143687792865	
083621	3.137291787803126	
115020	4.000923487361905	
012959	4.533673085473886	
138042	3.9909703457947123	
031457	4.047542497520266	
009017	3.9396312891199505	
054999	4.005096282108288	
135464	3.88627424154325	
029428	4.2110681670486025	
080768	3.68533023223997	
056227	3.92642884016828	
054419	3.793036221226528	
126362	4.134076683654274	
088013	3.9050176146663476	
077536	4.613537640660806	
057009	4.1186510243869074	
092201	3.6187365324759724	
084128	3.7574648561753943	
078132	4.248418100352294	
063698	4.319013578684544	
075819	3.6965146902897015	
115693	3.6775660977528473	
078069	4.343161063036563	
012086	3.89239662072032	
025042	4.028012449977768	
139176	3.6582412696241065	
000714	3.956117248691726	
098223	4.044122173957656	
005635	4.141498785785135	
138108	3.9517050312959605	
047440	4.569654889352533	
123592	4.09080959058727	
008233	4.177172760543147	
054249	4.245510825324076	
030181	4.153469918254267	
113534	3.882101446796867	
096844	3.8212880938536786	
123469	5.121695112357629	
097301	4.0154940657386184	
142232	4.075896979854294	
145841	3.869172623730205	
030300	4.877518213222971	
027764	3.5080206587543183	
075524	3.6002667852378836	
011137	4.135410609843691	
083489	3.913465813865992	
035753	4.252488285391798	
144674	3.8605876115880564	
014007	4.443718575777268	
079178	3.8656154872250914	
069174	3.8524472415090467	
082841	4.025823442897698	
082895	3.536888189622738	
028301	4.047610903991518	
097310	3.9673701132127097	
104682	3.9772890515442763	
108068	4.692512911721449	
063484	4.004891062694531	
028474	3.7302048773814005	
100214	4.9845401374970075	
109560	4.110442247836645	
059402	3.792249546807128	
142590	4.2143858809043335	
101864	5.019256421657489	
013275	4.169613845469781	
060411	3.972671614734754	
082332	3.006532818004583	
114880	4.0431302801245	
032289	3.8462906590963506	
028924	4.1661251154359205	
041206	3.911345213257174	
114554	3.8776892294011014	
053532	4.327222355234805	
069509	4.693710024968362	
087124	3.8607586277661867	
137918	3.4622225262509834	
117570	3.5130143311557274	
105167	3.7803810240448747	
062569	4.158976639190067	
055412	4.006396005062079	
065799	3.8312412354208707	
006344	3.5884324657112563	
039770	3.9153127885898007	
083484	4.19403495570681	
067940	3.99387762082293	
090909	3.6302972261175905	
009044	3.912029277969696	
091899	3.807709409310121	
071581	3.7928310018127713	
118576	3.700242842972945	
009088	3.8807675206074497	
122761	4.05222834080104	
100390	4.121489892943872	
120901	3.763484625645586	
110982	4.447002086397373	
034569	3.570852002599446	
000748	3.6096042685638063	
137636	3.8675992748914045	
020191	4.136573519854978	
007924	4.177788418784417	
008625	4.810445668160208	
117152	3.3436741115709547	
140499	3.5948968772445875	
008236	3.8262817662550876	
069539	3.6969593323528405	
084924	3.511269966138797	
006380	3.4942025515613775	
082338	3.811984813763382	
085172	3.990491500495947	
084120	4.796490748024763	
139961	3.8607244245305607	
088486	4.052707186099805	
065972	3.967712145568971	
080756	4.513835208810754	
026181	4.141430379313883	
104089	3.6101515203338237	
127561	3.8227246297499744	
065303	3.998495057632452	
072573	3.9118582617915654	
096673	4.086739405547765	
002849	4.35544002462633	
009455	4.135068577487431	
118138	3.5471149570749394	
106733	4.486404213838629	
134897	3.713821527516503	
031969	4.372917878031262	
070707	3.967643739097719	
029615	3.807127954304477	
064508	3.3133700448062386	
078917	3.94838731744023	
108526	4.663919006738038	
123294	4.216472278277525	
132469	3.7275370250025652	
017518	4.563840339296098	
099849	4.395355200601977	
101743	4.247597222697268	
139962	4.461059616239696	
069546	4.309094640352978	
073705	5.366248247084174	
009733	4.047371481342135	
118338	4.059616239696275	
086955	3.9198960221636967	
127561	3.8227246297499744	
124708	4.062968156787632	
016781	3.8811095529637103	
107001	4.220918698908917	
001977	4.022403119335089	
131653	4.054348941409858	
018178	4.2444163217840405	
117195	4.465506036871088	
132747	3.8678044943051613	
083339	3.687485036084414	
098589	4.563224681054828	
129256	4.321989260184013	
068522	4.543352601156069	
131324	4.315353832472552	
027904	3.56250641310668	
028085	3.861682115128091	
141737	4.5524848650682355	
128295	3.739063515408558	
023686	3.9544070869104218	
054207	4.8563806136060474	
062442	3.5320655333994595	
030862	3.921811403358758	
126133	3.7764818551835004	
102197	3.401203953894038	
004636	3.8857953962444847	
088836	4.208366111434142	
087515	3.608920203851284	
123820	3.9976399767418	
009854	3.724458733796217	
135181	4.113144303451106	
097211	3.793412456818415	
010637	4.003967575332626	
135341	3.696993535588467	
044524	3.860485001881178	
008478	3.7249717823306083	
028360	3.6412422615179394	
144015	3.7807230564011354	
118559	4.249820433012963	
054503	3.524575024797346	
095393	4.18965694154667	
103711	4.504018880186066	
035809	4.202312138728324	
043124	4.342853233915928	
103813	3.576187707357116	
134900	4.181858603823922	
031759	3.7842459896706226	
144050	3.310941615076786	
012734	3.5967438519683963	
134269	3.875397612614153	
031510	4.293292745493724	
062986	3.2337791155043267	
000164	3.9165783083079657	
005388	4.0012313164825395	
028870	3.9875842254677294	
014093	3.7794917399185963	
118672	4.359407599958956	
041551	4.855867565071656	
080453	4.224339022471526	
003166	3.7211068167048604	
007889	3.875329206142901	
006771	3.869993501385231	
069250	3.766460307145056	
033645	3.883948421520676	
113411	4.083421691692034	
056835	3.880357081779936	
010430	4.039162704791873	
016988	3.577966275609673	
123469	5.121695112357629	
114941	4.23497622875124	
071603	4.35639771522386	
001147	4.076888873687451	
007574	3.511338372610049	
011433	4.095563840339296	
005234	3.4660874918767317	
061701	3.8420152546430892	
011336	4.309094640352978	
054129	3.9802305298081198	
024123	3.8897629715771114	
114087	4.064746725040189	
064553	3.7483325922632282	
139690	3.655573417245271	
103622	4.434483702158224	
001206	4.035263535930499	
084385	4.09080959058727	
080468	4.5149981188220405	
123504	4.025584020248315	
105101	3.7475117146082018	
030254	3.9026575914081474	
097171	4.385436262270411	
082249	4.4567158053151825	
052439	4.101583609809488	
024021	4.100625919211957	
126351	3.8678044943051613	
129479	4.77849984608544	
118480	4.202277935492698	
027632	4.703081711529911	
028087	3.6081677326675106	
117628	3.7564729623422375	
087592	4.921195745117488	
138817	4.547764818551835	
001545	4.084105756404556	
096499	3.887744980675172	
112477	4.3126517768580905	
000680	3.510175462598762	
088447	4.047952936347778	
056769	4.182816294421452	
018362	4.868796388138318	
090931	3.3823579710640628	
104940	3.5855935971542907	
107110	3.81348975613093	
136740	4.050654991962239	
073506	4.004993672401409	
017917	3.694120463795875	
096600	4.5607962513253755	
143389	4.168861374286007	
080006	3.9445565550501076	
069652	3.8165680473372783	
123613	3.6532818004583234	
053963	3.738071621575401	
107537	3.72329582378493	
013885	3.8966720251735816	
068771	4.41474843520197	
082216	4.261175907240825	
009454	4.247357800047885	
009846	4.005848753292061	
116479	4.280056093306427	
053822	3.962889489345692	
096306	3.6602250572904196	
126665	4.235728699935014	
001772	4.02117180285255	
002063	3.590074221021309	
137020	4.910695351780278	
074996	3.527721722474946	
023117	3.9701405752984233	
065607	3.8752950029072752	
032861	3.9691828847008925	
014479	4.097308205356227	
003657	4.017751479289941	
009915	3.5650032493073844	
144300	3.691794643773301	
087981	3.8803912850155626	
093280	4.282792352156514	
001996	4.04846598488217	
135805	4.0695351780278415	
106663	4.62225946574546	
080809	4.141361972842631	
074787	4.025070971713924	
099024	4.033690187091699	
087349	4.370010603003044	
001800	4.179259157916339	
016407	4.175325785819338	
029646	3.699353558846667	
009043	4.026712727023977	
091992	3.732291274754592	
127353	4.789923726784554	
124490	3.403358757738482	
111323	4.029996237644081	
138423	4.08687621849027	
046770	4.236481171118788	
065328	3.786537606457571	
073211	3.7007558915073364	
105958	4.520402230050963	
020419	3.7033211341792933	
075842	4.029962034408455	
124452	4.5400006840647125	
090908	3.860519205116804	
082250	3.6999350138523104	
056815	3.9910387522659643	
008165	3.954099257789787	
002315	3.85145534767589	
129226	4.246331702979102	
003794	3.923384752197558	
063722	3.9300201799090195	
115075	4.336252009440093	
139018	3.4323631015494067	
114976	3.6915894243595444	
087481	3.705749563908746	
018178	4.2444163217840405	
082728	4.65051133837261	
088493	3.413859151075692	
129640	4.0237712487601325	
024903	4.384410165201628	
136127	3.8145500564353387	
042906	4.212778328829907	
133256	4.575093203817081	
072749	4.141875021377023	
068740	3.807948831959503	
018270	3.4669767760030097	
123317	3.9690802749940146	
109818	4.189143893012279	
034435	4.339090877997059	
022331	3.4812053220234636	
099728	4.5133221602763625	
054352	4.508738926702466	
008100	3.7471012757806887	
106271	3.8584328077436125	
138687	4.044430003078292	
017264	4.059411020282519	
083893	3.92957553784588	
084196	4.132298115401717	
084474	3.7976878612716765	
017278	4.175599411704347	
091083	4.288572698977323	
070902	3.7171392413722337	
033253	4.222457844512091	
011565	4.699627184731676	
019659	4.0178540889968195	
034734	3.8800150494236756	
086206	3.788145158531997	
080757	3.7572596367616375	
031029	3.7226801655436605	
055565	4.261381126654581	
097681	4.1253890618052464	
144057	3.534083524301399	
049058	4.119300885863803	
098889	3.2155145876799947	
035808	4.704620857133085	
004686	4.248931148886685	
133047	3.8116085781714952	
102119	3.746417211068167	
029638	4.057222013202449	
064640	4.104696104251462	
044035	4.21380442589869	
034355	3.7249375790949824	
085428	4.180045832335739	
091679	4.076615247802442	
084194	4.047200465164004	
088237	3.7132058692752334	
029577	3.125833703868386	
122232	3.9993843417587303	
075567	3.521291514177241	
058067	3.9604610596162395	
122227	4.306700413859151	
012007	3.5431473817423127	
064089	4.176420289359373	
082218	3.6068338064780927	
034630	4.423949105585389	
002047	4.485549132947977	
139091	3.960119027259979	
021521	4.17050312959606	
116927	3.7264767246981565	
120945	3.3000649861476896	
012245	4.130074905086021	
058985	4.473988439306359	
069114	3.577966275609673	
138529	3.892465027191572	
096065	4.273625885008721	
083774	3.48517289735609	
069337	4.107295550159045	
033403	4.480521257310942	
102285	3.1530594794267537	
085780	3.9614871566850223	
084893	3.421862708212197	
047149	4.07935150665253	
000623	4.168074699866607	
011627	3.9948011081848342	
123307	3.7004822656223277	
083467	4.169135000171016	
134162	3.378698224852071	
119385	3.8890105003933373	
032061	4.220063618018265	
027521	3.7514450867052025	
101609	3.4989225980777783	
143382	3.882888121216267	
067324	3.464685159216062	
123347	4.789239662072032	
003260	4.1702637069466775	
100105	4.593870780175805	
099753	3.8493347470670725	
088309	4.16971645517666	
088144	3.7951568218353455	
123511	3.8609980504155694	
115932	3.9987002770462086	
122634	3.710674829838903	
009886	4.71358210486712	
034481	3.717891712556008	
132867	4.056435338783049	
004685	3.846632691452611	
076881	4.737900605397271	
134929	4.03481889386736	
034597	3.955980435749222	
062569	4.158976639190067	
143673	3.7965933577316413	
001207	4.113144303451106	
028434	4.491055853883777	
133888	3.8849403153538327	
076340	3.8921914013065635	
119718	5.203167219618976	
001644	4.17269213667613	
075777	3.9903204843178166	
024617	4.313130622156856	
127369	3.4913978862400383	
085898	4.010876628929097	
093758	3.8157813729178782	
072221	3.3865649690460717	
071704	3.9084037349933305	
082562	4.174197079043678	
106127	3.8161918117453912	
109697	3.6568731401990626	
002505	4.203338235797107	
070336	3.8633238704381436	
000680	3.510175462598762	
030358	3.7309915518008006	
059727	4.485138694120463	
113428	4.552279645654479	
056210	4.10226767452201	
117567	3.686458939015631	
108537	5.525395902452372	
135231	3.8989636419605294	
000572	3.846872114101994	
079231	4.070869104217259	
096913	4.095084995040531	
042086	5.7705988986558125	
011561	3.672435612408934	
058157	3.8780654649929884	
008625	4.810445668160208	
084322	4.32534117727537	
093088	4.18651024386907	
060070	4.121387283236994	
117688	3.6498956801313405	
090359	4.069295755378459	
100669	3.8890447036289633	
115473	4.733693607415262	
111605	4.167356431918459	
123192	4.16533844101652	
005973	3.871464240517153	
127350	3.7818859664124225	
140982	3.9122002941478264	
120436	3.4618462906590963	
043709	3.7015083626911105	
144848	4.726647740876287	
109203	4.176317679652495	
059740	4.143414166980197	
026855	4.592092211923248	
126418	3.943667270923829	
035175	4.318090091322639	
042466	4.4209392208502925	
108153	4.340595820364607	
012365	4.215446181208742	
059917	4.733488388001505	
103111	3.5247460409754763	
009460	3.620446694257277	
027504	4.194684817183705	
123182	4.1286383691897255	
068230	4.082977049628895	
123511	3.8609980504155694	
078495	4.230358791941717	
089534	4.219174333891986	
043091	3.9422307350275334	
040502	4.041967370113213	
006760	3.916920340664227	
114322	3.7716934021958477	
068206	4.316414132776961	
066985	4.0062249888839485	
078477	4.524917057153607	
096965	3.608714984437528	
073470	3.7333857782946267	
056134	3.3734993330369054	
100362	3.7886582070663883	
054204	4.138317884871909	
088210	3.6312207134794954	
107038	4.268632212607312	
042959	4.17460751787119	
085920	4.129835482436638	
062876	3.5286110066012246	
011758	3.3909771864418374	
106925	3.346478776892294	
026281	3.5415398296678866	
145085	4.717412867257242	
086773	4.1161541881862025	
066547	4.085576495536478	
094241	3.6681602079556725	
055479	4.008892841262783	
113414	4.258610664568868	
052781	3.9182200636180182	
121445	3.791155043267093	
102398	3.7220987105380168	
111490	4.620480897492903	
086029	4.92800218900708	
118133	5.1977973116256795	
111343	3.8743373123097444	
028319	4.031877415603516	
112000	3.977186441837398	
081839	4.2185928788863425	
140181	4.204159113452133	
066185	4.3368334644457365	
008196	3.7825700311249446	
087129	4.002325820022574	
140560	4.883401169750658	
102244	3.8024763142593287	
123162	3.8713274275746485	
052131	3.457947121797722	
123929	4.019290624893115	
033537	3.9273523275301843	
034675	3.5551527174470703	
088792	3.8106508875739644	
062451	3.763074186818073	
135961	4.202243732257071	
113035	3.4443684372541643	
003465	5.222252625098334	
113616	3.1419776310839005	
137785	3.985121592502651	
029744	4.043267093067004	
127577	5.256524267195677	
011131	4.1635940759995895	
122131	3.8026815336730855	
024291	3.832369942196532	
126585	4.2427403632383625	
009122	3.7542497520265417	
066990	3.8762526935048056	
113050	3.2715736908711563	
003467	3.7856141190956665	
054417	4.190956664500462	
087953	4.259876184287034	
062707	3.854157403290351	
119452	4.011047645107227	
124228	4.189793754489175	
003003	3.98556623456579	
055480	4.076786263980573	
016624	3.9115846359065567	
135502	4.233197660498683	
011440	4.16455176659712	
072543	4.047576700755892	
098697	3.8027157369087115	
140204	4.256695283373807	
000840	3.9828299757157026	
090299	3.0048226562232787	
120987	3.591647569860109	
054978	3.606560180593084	
110512	3.8352088107534974	
090682	3.2406197626295445	
116164	3.7574990594110202	
119576	4.076375825153059	
019079	3.540171700242843	
121677	4.587030133050587	
099427	4.437254164243938	
123313	4.081916749324486	
139374	3.6924103020145704	
056729	4.295481752573793	
056951	3.7891712556007797	
087167	4.05520402230051	
082560	4.000752471183774	
018663	4.722816978486165	
081613	3.990936142559086	
137858	4.111741970790437	
137667	3.6611827478879504	
079230	4.110818483428532	
001583	3.66337175496802	
132154	3.816089202038513	
120460	4.222252625098334	
124452	4.5400006840647125	
122908	3.488695830625577	
085730	3.7745664739884393	
118064	4.296234223757567	
078321	4.011355474227862	
048020	4.046790026336492	
145131	4.137052365153743	
069668	3.718712590211034	
080945	4.469371002496836	
019520	4.823579710640627	
083809	3.9096350514758695	
026599	4.482949687040394	
103894	4.268324383486678	
069517	4.9054622567294865	
124511	3.7193624516879296	
057174	4.1119813934398195	
114721	4.2568662995519375	
020387	4.123131648253925	
029590	3.5554947498033314	
131249	4.267332489653521	
096759	3.38885658583302	
087548	3.8467695043951156	
058007	4.089544070869104	
119081	4.118616821151281	
000301	3.553784588022027	
079086	4.52375414714232	
089153	4.406710674829839	
088860	3.9835140404282243	
145633	4.146834490542806	
092243	4.411293908403735	
067254	4.517973800321511	
058380	4.8456065943838285	
038945	4.318158497793891	
003520	3.9518760474740913	
034680	4.133084789821117	
079618	3.748811437561993	
088309	4.16971645517666	
121771	4.047610903991518	
058072	3.8354140301672537	
069536	3.4926976091938298	
084643	3.545199575879878	
133861	3.6875876457912917	
098266	3.8652050483975784	
118295	3.8364059240004105	
125453	4.075657557204911	
144156	4.199268050757602	
100653	4.605089441461162	
124793	4.051510072852892	
028041	5.017306837226801	
058099	3.840065670212402	
010502	4.900160755207443	
099472	4.320757943701474	
001687	4.628518657865034	
033531	4.324657112562848	
014108	4.060026678523788	
091622	3.9610425146218833	
008389	3.6413448712248178	
007308	3.687621849026918	
087793	4.360467900263365	
009644	3.848069227348907	
080289	3.658104456681602	
053388	5.096692547114957	
049319	4.160242158908233	
074919	4.284057871874679	
055532	3.818449225296713	
084857	3.7014741594554845	
012606	4.104661901015836	
091735	3.866573177822622	
027621	4.322228682833396	
038230	4.072100420699798	
112522	3.8852823477100933	
027375	4.2510517494955025	
118162	3.789479084721415	
032947	4.000684064712522	
089821	3.3310873208605534	
097584	4.202072716078941	
083734	3.5127065020350927	
078329	3.3586551287751822	
140129	3.9433936450388205	
006662	3.87122481786777	
097014	4.083558504634539	
097221	4.57974484386223	
027394	3.9330984711153674	
142538	4.093272223552348	
029034	4.149297123507884	
144666	3.7980640968635635	
064352	3.377979956903923	
130115	3.492389780073195	
042874	3.666279029996238	
012251	3.3360809932619624	
085751	3.7540787358484113	
120338	3.670178198857612	
089399	3.975749905941102	
127181	3.836542736942915	
012487	3.2109655573417246	
120673	4.523514724492937	
144991	4.669186305024455	
018066	4.024421110237029	
100786	4.514382460580771	
130717	4.3734309265656535	
086735	4.3842733522591235	
026411	3.7678968430413518	
094159	4.593802373704553	
124925	3.866060129288231	
052517	3.8151657146766085	
009915	3.5650032493073844	
119537	3.8918151657146764	
082111	4.17364982727366	
110758	3.8417416287580806	
133728	4.748640421383863	
066091	4.113452132571742	
059827	4.181516571467661	
062458	4.468892157198071	
128111	3.871806272873414	
095047	4.235591886992509	
000127	4.215309368266238	
065981	3.8596299209905256	
013784	3.5044293190135787	
135125	3.681909908677361	
082837	4.743851968396211	
145232	4.478332250230872	
058985	4.473988439306359	
063608	4.070287649211616	
002770	3.6764373909771866	
140012	4.115162294353046	
131325	3.960700482265622	
112405	3.82320347504874	
065607	3.8752950029072752	
138533	3.510346478776892	
088502	3.8260765468413314	
061018	3.858159181858604	
110838	3.5035742381229262	
098689	4.087594486438417	
002088	4.356021479631973	
135507	3.795054212128467	
074064	3.8979033416561206	
013876	4.04487464514143	
003884	3.8003215104148853	
145586	3.9361083558504633	
121724	3.6525977357458017	
035822	3.5582310086534186	
102452	3.769914833943291	
060047	3.8143448370215824	
083096	4.040188801860656	
071574	4.023258200225741	
033291	4.8996477066730515	
127149	4.076820467216199	
005171	4.156514006224989	
132071	4.316995587782604	
076426	3.6746930259602557	
105498	3.777781578137292	
110846	3.714573998700277	
131142	3.8651708451619524	
113400	3.843007148476246	
140641	3.9866265348701986	
126697	4.838560727844854	
134900	4.181858603823922	
002063	3.590074221021309	
097143	3.384717994322263	
059967	3.3687450832848786	
124029	3.332831685877484	
086700	3.763860861237473	
011475	4.330642678797414	
035809	4.202312138728324	
025930	4.178404077025687	
018441	3.7454937237062627	
004022	4.461333242124705	
138339	3.998802886753087	
058976	4.8355508431097585	
091019	4.287922837500427	
125918	4.387078017580463	
069896	4.113315319629237	
061533	4.062386701781989	
126897	4.596367616376509	
113738	3.671341108868899	
103551	3.853746964462838	
142653	4.200465164004515	
028556	4.958579881656805	
144126	4.19403495570681	
064089	4.176420289359373	
017577	4.039778363033143	
027558	3.7048602797824675	
106873	4.245784451209085	
072568	3.9201012415774534	
021890	4.363648801176591	
052758	3.683551663987413	
000132	5.074460443957999	
086995	3.9528337380716216	
032041	4.508123268461197	
079731	4.580257892396621	
007579	4.156582412696241	
066158	4.066627902999624	
132971	4.466019085405479	
142193	3.3463419639497896	
126863	4.105790607791497	
112371	3.8661627389951088	
097828	4.188733454184766	
100341	4.652802955159558	
084732	3.4168006293395354	
143230	3.8191332900092347	
008766	4.1819270102951736	
082273	3.8713274275746485	
145677	4.568731401990628	
069705	4.344973834524746	
070944	4.643978520368027	
008661	3.55812839894654	
007456	4.142148647262031	
006478	4.818962273831104	
047655	4.0146047816123405	
118990	4.687553442555666	
000517	3.940828402366864	
001086	4.704449840954954	
031831	4.492321373601943	
119318	3.8076067996032426	
000983	3.6408318226904264	
001775	3.978725587440572	
062909	3.7913602626808496	
062866	3.236515374354414	
076399	4.731265177685809	
136889	2.9618291890412833	
145736	4.7089646680575985	
003794	3.923384752197558	
027992	4.082942846393268	
127921	4.506789342271779	
119117	3.4488832643568084	
083232	4.018914389301228	
071137	3.804357492218764	
062050	3.077983377227486	
012374	3.5620275678079145	
109850	3.2811163936108354	
000178	4.244963573554058	
122298	4.4980333139515	
054960	3.976160344768615	
069246	3.7028764921161543	
007768	3.6010192564216577	
000937	3.658856927865376	
102734	3.896193179874816	
113355	3.852207818859664	
116201	3.7466908369531757	
031354	4.264219995211547	
036502	4.715565892533434	
126889	4.263193898142764	
126000	3.456031740602661	
136137	4.10996340253788	
052066	4.461777884187844	
068981	4.56031740602661	
133862	4.110442247836645	
135345	4.3035195129459245	
078111	4.815336730854739	
013883	3.754386564969046	
102605	3.69757499059411	
033570	3.959776994903718	
146080	3.841125970516811	
069927	4.0195642507781235	
001662	4.313199028628108	
091584	3.0921777200123133	
053717	4.197250059855662	
007109	5.016827991928037	
124956	3.2112733864623593	
111518	3.430139891233711	
124735	4.728221089715087	
042475	3.4516195232068956	
023270	3.9948353114204602	
139229	4.274275746485618	
004663	4.1111263125491675	
079843	3.7037999794780587	
054537	4.0670383418271365	
084484	4.042993467181995	
079729	3.606560180593084	
069546	4.309094640352978	
054681	4.055888087013032	
031216	3.9065567602695217	
004096	3.875637035263536	
057420	4.438690700140233	
116722	3.6137770633101893	
034485	3.412491021650648	
108220	5.275267640318774	
085992	4.015083626911106	
126824	3.215275165030612	
007781	3.9056674761432433	
071865	4.103020145705783	
017051	3.9891575743065295	
010984	3.988610322536512	
099691	3.678626398057256	
126374	4.472380887231932	
139151	4.270547593802374	
132306	4.036460649177412	
139522	3.8152341211478604	
069775	3.2620651913671033	
135150	3.649382631596949	
136528	3.9544412901460477	
028882	4.277251427985087	
033643	3.4012381571296646	
004641	4.070185039504737	
013186	4.223757567465882	
082300	3.67780552040223	
011701	3.821459110031809	
094222	3.9646338543626225	
129153	4.066730512706502	
076980	4.031945822074769	
030920	4.020658754318158	
007795	3.8356192495810104	
119600	4.787084858227589	
050553	4.283818449225297	
110693	4.8788179361767625	
132578	4.13848890105004	
115172	3.9812224236412765	
066757	4.281082190375209	
004912	3.97882819714745	
028577	3.993980230529808	
142571	4.135102780723057	
020487	3.871874679344666	
055990	4.972295379142867	
099992	4.161097239798885	
079227	4.551766597120087	
035210	4.067996032424667	
129038	3.634572630570852	
000840	3.9828299757157026	
139942	3.2253309163046824	
141612	4.267161473475391	
015434	3.8126004720046516	
019231	3.7923521565140064	
121149	4.662106235249855	
116143	3.6923076923076925	
129850	4.516537264425215	
023564	3.900263364914321	
027757	4.103806820125184	
094168	3.976912815952389	
143698	5.508362691110579	
128951	3.647022608338749	
133246	4.345315866881007	
040831	4.149126107329753	
082641	4.150699456168554	
012524	3.520025994459076	
029628	3.6476040633443922	
023156	3.9231453295481753	
011729	3.8474535691076377	
011102	4.033758593562951	
000517	3.940828402366864	
089993	4.269726716147347	
092338	3.8174231282279303	
030849	3.9951773437767213	
000682	3.584533296849882	
066667	4.054622567294866	
138233	4.0957006532818	
012134	3.7215172555323734	
030954	5.162157540103294	
026814	3.7295208126688784	
062216	4.184765878852139	
124072	3.756575572049116	
122964	3.761706057393029	
083805	4.380647809282758	
125334	4.601532304956049	
080776	4.218456065943839	
027506	4.242261517939597	
029623	3.749769128159524	
101761	4.311146834490542	
069708	4.120908437938229	
059057	3.9459588877107774	
082445	3.456168553545165	
041689	3.8982111707767553	
038183	3.753599890549646	
126559	4.18651024386907	
098117	3.8226904265143484	
111143	4.142490679618292	
083392	3.80675171871259	
059051	3.858124978622978	
071413	4.515682183534563	
135578	3.8994766904949207	
001683	4.308855217703595	
121821	4.235660293463762	
117677	3.8580565721517255	
120352	4.489345692102473	
143326	4.562916851934193	
126776	3.6870745972569003	
110601	4.4475493381673905	
082304	3.955193761329822	
027121	3.7999110715873723	
009121	3.7979272839210587	
106419	3.764613332421247	
137089	3.9965112699661387	
032351	4.4134145090125525	
