(0, 179941861)
(644, 783506293)
(391, 940140870)
(138, 1390917384)
(529, 357634409)
(276, 828773028)
(23, 970886286)
(667, 1071588206)
(414, 375137925)
(161, 1689217839)
(552, 418379331)
(299, 1004084084)
(46, 640751957)
(690, 1215416902)
(437, 644182852)
(184, 1658468485)
(575, 1055590923)
(322, 1004567110)
(69, 613240226)
(713, 1396904718)
(460, 215044948)
(207, 1281285408)
(598, 246484021)
(345, 1441246788)
(92, 802596550)
(736, 658096047)
(483, 98517367)
(230, 1168435045)
(621, 778327376)
(368, 1658067945)
(115, 947162909)
(506, 153282048)
(253, 952238703)
(1, 177489247)
(645, 276772576)
(392, 1232181924)
(139, 1034553264)
(530, 165143683)
(277, 1462259673)
(24, 317109093)
(668, 834929976)
(415, 1533183507)
(162, 1109668821)
(553, 97691097)
(300, 1485470932)
(47, 805798687)
(691, 926019246)
(438, 567535624)
(185, 1946679071)
(576, 517304422)
(323, 1443872448)
(70, 257868672)
(714, 930207229)
(461, 303812297)
(208, 1502322851)
(599, 948913786)
(346, 1153543754)
(93, 691580117)
(737, 1004830735)
(484, 122540498)
(231, 1042146054)
(622, 403646669)
(369, 665709169)
(116, 1048100191)
(507, 188370076)
(254, 1309854593)
(2, 316395034)
(646, 689572360)
(393, 910778748)
(140, 908490437)
(531, 136242309)
(278, 1530559313)
(25, 498475107)
(669, 776380582)
(416, 1100711905)
(163, 923271061)
(554, 161846738)
(301, 1573147165)
(48, 288093257)
(692, 1046640018)
(439, 1537116172)
(186, 1628524817)
(577, 90737216)
(324, 1608182642)
(71, 926894776)
(715, 881454923)
(462, 461097180)
(209, 1086433556)
(600, 1161166476)
(347, 1161874778)
(94, 669971261)
(738, 1799130241)
(485, 203173937)
(232, 894246917)
(623, 1792222179)
(370, 1053370699)
(117, 597361448)
(508, 106644872)
(255, 957071758)
(256, 1466269908)
(3, 113906879)
(647, 754892930)
(394, 900345105)
(141, 872676748)
(532, 261339860)
(279, 837971375)
(26, 454088315)
(670, 475743259)
(417, 1570732827)
(164, 1464592051)
(555, 62481437)
(302, 912595441)
(49, 360502015)
(693, 630674003)
(440, 854437297)
(187, 954142312)
(578, 384557936)
(325, 1250083458)
(72, 185231577)
(716, 980605755)
(463, 1654138280)
(210, 902354153)
(601, 541688022)
(348, 1225629435)
(95, 613483463)
(739, 735583379)
(486, 464782797)
(233, 918138554)
(624, 1168637904)
(371, 1030860626)
(118, 270692061)
(509, 378924587)
(257, 1277696259)
(4, 137431467)
(648, 912557005)
(395, 1147750352)
(142, 325198820)
(533, 370868792)
(280, 1382965090)
(27, 110606107)
(671, 767507513)
(418, 997486463)
(165, 857030304)
(556, 152909665)
(303, 1276713550)
(50, 196585251)
(694, 336906029)
(441, 1180078274)
(188, 1027050723)
(579, 72331084)
(326, 1495716025)
(73, 136258431)
(717, 503780021)
(464, 1068925285)
(211, 924431552)
(602, 84310304)
(349, 1083256034)
(96, 258990228)
(740, 858768911)
(487, 1662982767)
(234, 1258733985)
(625, 526594713)
(372, 1124960912)
(119, 623415374)
(510, 559845496)
(258, 1546149222)
(5, 530950016)
(649, 202525207)
(396, 723858118)
(143, 488092793)
(534, 404049039)
(281, 1197621103)
(28, 130426559)
(672, 411037825)
(419, 1138398634)
(166, 587565522)
(557, 159820774)
(304, 871952247)
(51, 109939954)
(695, 676270469)
(442, 1189690916)
(189, 813842107)
(580, 56557362)
(327, 1272084272)
(74, 603634609)
(718, 359253930)
(465, 766491016)
(212, 897072843)
(603, 458888141)
(350, 1141933424)
(97, 156309133)
(741, 663727415)
(488, 1459102167)
(235, 1133754663)
(626, 101159143)
(373, 1042799426)
(120, 397018260)
(511, 1601133263)
(512, 1193837670)
(259, 1365244743)
(6, 282372358)
(650, 111037711)
(397, 1543945669)
(144, 248908191)
(535, 1297412980)
(282, 1385744188)
(29, 231108413)
(673, 228817119)
(420, 822486161)
(167, 1063693706)
(558, 341109079)
(305, 1986900089)
(52, 85610769)
(696, 453584097)
(443, 1088100497)
(190, 699422796)
(581, 216386484)
(328, 1299143492)
(75, 40048256)
(719, 1429147540)
(466, 1350984484)
(213, 886389431)
(604, 107970955)
(351, 1138583464)
(98, 224309149)
(742, 361335080)
(489, 695065773)
(236, 1062784956)
(627, 196835215)
(374, 2156406292)
(121, 337762185)
(513, 967915753)
(260, 1034601212)
(7, 1726009966)
(651, 175010021)
(398, 1305046782)
(145, 135379930)
(536, 743493331)
(283, 1059897527)
(30, 327178327)
(674, 196073088)
(421, 928420311)
(168, 283845622)
(559, 761103747)
(306, 1382265351)
(53, 219776157)
(697, 293921502)
(444, 1544091960)
(191, 803523183)
(582, 369819111)
(329, 1415352802)
(76, 100158430)
(720, 314846935)
(467, 948420668)
(214, 491504787)
(605, 1147756913)
(352, 921873684)
(99, 81658007)
(743, 270859930)
(490, 983615626)
(237, 598264119)
(628, 492391474)
(375, 816791092)
(122, 182685903)
(514, 1254955878)
(261, 807292946)
(8, 1259930771)
(652, 175676984)
(399, 1058876829)
(146, 143005662)
(537, 724281167)
(284, 1390961512)
(31, 1386189465)
(675, 115760558)
(422, 1305391160)
(169, 171907274)
(560, 618003956)
(307, 763944279)
(54, 315077065)
(698, 237423200)
(445, 1131683274)
(192, 1212102237)
(583, 1402661884)
(330, 1735295283)
(77, 141978221)
(721, 251657758)
(468, 802361339)
(215, 1011604563)
(606, 1226468633)
(353, 1485191341)
(100, 141832390)
(491, 909852628)
(238, 413206135)
(629, 210353038)
(376, 1397391151)
(123, 175968486)
(515, 1309610305)
(262, 325076269)
(9, 1076538967)
(653, 297317020)
(400, 1183977000)
(147, 85203426)
(538, 940518791)
(285, 591503729)
(32, 1273573814)
(676, 146095643)
(423, 1260505024)
(170, 198335151)
(561, 778371134)
(308, 740246480)
(55, 876658830)
(699, 192748753)
(446, 1168364686)
(193, 363013748)
(584, 1148899986)
(331, 1283704868)
(78, 315437131)
(722, 248188758)
(469, 1287668482)
(216, 152038405)
(607, 1353421843)
(354, 1674920476)
(101, 275402747)
(492, 784593912)
(239, 704790028)
(630, 452995594)
(377, 1093892143)
(124, 153626249)
(516, 694457776)
(263, 653041308)
(10, 982887201)
(654, 355608061)
(401, 1406105751)
(148, 87263404)
(539, 1075004465)
(286, 242777706)
(33, 958366761)
(677, 301581788)
(424, 1166093343)
(171, 62496143)
(562, 782073283)
(309, 836067611)
(56, 1158390655)
(700, 159502246)
(447, 1368324431)
(194, 320716862)
(585, 900456144)
(332, 620239938)
(79, 1662892247)
(723, 98227892)
(470, 1173428336)
(217, 323428472)
(608, 1296359824)
(355, 996155610)
(102, 595521701)
(493, 919799425)
(240, 474132832)
(631, 1355700186)
(378, 1484209550)
(125, 274318663)
(517, 485364526)
(264, 327593412)
(11, 1013066203)
(655, 1919841226)
(402, 718959261)
(149, 149498249)
(540, 753542923)
(287, 1393212793)
(34, 789651493)
(678, 411467548)
(425, 1016505578)
(172, 178224790)
(563, 663690904)
(310, 500845035)
(57, 717026381)
(701, 206896504)
(448, 1517947797)
(195, 198805298)
(586, 1170547981)
(333, 1149479228)
(80, 1300098142)
(724, 510800247)
(471, 985397773)
(218, 176353233)
(609, 781169234)
(356, 1175799414)
(103, 2015295410)
(494, 1410066870)
(241, 147539224)
(632, 1146988080)
(379, 901977379)
(126, 457682134)
(518, 303025053)
(265, 220523708)
(12, 944608943)
(656, 1212246798)
(403, 972300500)
(150, 376006058)
(541, 1039965228)
(288, 284327928)
(35, 1753861137)
(679, 1372798805)
(426, 805804215)
(173, 263873339)
(564, 491713258)
(311, 791640924)
(58, 707562948)
(702, 239675765)
(449, 862080154)
(196, 154867496)
(587, 1140130856)
(334, 786074567)
(81, 1030312646)
(725, 175749560)
(472, 1033852918)
(219, 129125315)
(610, 749399936)
(357, 973897467)
(104, 926869790)
(495, 961883101)
(242, 104026193)
(633, 1235892062)
(380, 1536209236)
(127, 1605806105)
(128, 1375380726)
(519, 109544572)
(266, 215430692)
(13, 1349109282)
(657, 1009738719)
(404, 771372390)
(151, 1695088215)
(542, 1212378714)
(289, 671149052)
(36, 834118844)
(680, 938924894)
(427, 1265824487)
(174, 254168649)
(565, 1135450481)
(312, 159065893)
(59, 672567712)
(703, 728845544)
(450, 1539768892)
(197, 180695308)
(588, 822478665)
(335, 756522732)
(82, 1204340501)
(726, 242993266)
(473, 1169906878)
(220, 85293843)
(611, 1366922440)
(358, 644582215)
(105, 998464229)
(496, 678030214)
(243, 53228953)
(634, 1353219368)
(381, 998788294)
(129, 1195918693)
(520, 564605097)
(267, 926130241)
(14, 1546149873)
(658, 1357419477)
(405, 1115849011)
(152, 1844564607)
(543, 948832291)
(290, 191304908)
(37, 1410251441)
(681, 1199802286)
(428, 572376878)
(175, 2046963535)
(566, 875959526)
(313, 100154610)
(60, 1317122770)
(704, 714269152)
(451, 1261257676)
(198, 153279890)
(589, 1177038953)
(336, 338192468)
(83, 725490992)
(727, 961775551)
(474, 970045585)
(221, 209853396)
(612, 1160429018)
(359, 1620768742)
(106, 1054421115)
(497, 900309177)
(244, 276106129)
(635, 1071335544)
(382, 663236781)
(130, 1032758429)
(521, 570800350)
(268, 148179158)
(15, 1391722587)
(659, 1211190636)
(406, 1149133501)
(153, 791107949)
(544, 700004210)
(291, 207512811)
(38, 905326169)
(682, 1229141098)
(429, 973957310)
(176, 1160752432)
(567, 604401686)
(314, 79507881)
(61, 1094492584)
(705, 877730198)
(452, 737278193)
(199, 1491524112)
(590, 1233406897)
(337, 1143605419)
(84, 1111817804)
(728, 788443971)
(475, 1080814386)
(222, 650527321)
(613, 1032133602)
(360, 229523789)
(107, 884543637)
(498, 1459017621)
(245, 234269480)
(636, 895842802)
(383, 1954760385)
(384, 569690490)
(131, 1325026424)
(522, 956027025)
(269, 147663275)
(16, 1139253329)
(660, 932321539)
(407, 955107962)
(154, 1002686201)
(545, 1134497284)
(292, 115010111)
(39, 1248621698)
(683, 1140384892)
(430, 786306195)
(177, 1070366139)
(568, 1096515640)
(315, 94425879)
(62, 1064493103)
(706, 1032032856)
(453, 1320082258)
(200, 879519738)
(591, 742449256)
(338, 330377212)
(85, 1396247615)
(729, 1366985797)
(476, 1082973296)
(223, 943982198)
(614, 1084318365)
(361, 370312188)
(108, 1137565041)
(499, 1045933929)
(246, 322088700)
(637, 1027608539)
(385, 327379630)
(132, 1254373951)
(523, 735170787)
(270, 413258514)
(17, 1188717644)
(661, 1591170500)
(408, 1405128949)
(155, 963937179)
(546, 998127205)
(293, 442029895)
(40, 1112970448)
(684, 1057887296)
(431, 652429159)
(178, 816321454)
(569, 627383628)
(316, 95540184)
(63, 1066230794)
(707, 1319295108)
(454, 559572762)
(201, 874950050)
(592, 1121836689)
(339, 272874509)
(86, 1250271219)
(730, 1141353218)
(477, 490499469)
(224, 958431189)
(615, 847905988)
(362, 67865203)
(109, 799923854)
(500, 705023064)
(247, 1995842725)
(638, 1585175187)
(386, 1259679364)
(133, 1179974929)
(524, 921065114)
(271, 1862423932)
(18, 1640131082)
(662, 1767113753)
(409, 80957815)
(156, 1051222520)
(547, 695618216)
(294, 382031238)
(41, 900178034)
(685, 1295293827)
(432, 1025918079)
(179, 1106723917)
(570, 1263057080)
(317, 456031995)
(64, 1188511054)
(708, 856398432)
(455, 936042654)
(202, 894505914)
(593, 1168433048)
(340, 275244627)
(87, 748204732)
(731, 989341187)
(478, 380776584)
(225, 1302504993)
(616, 961369402)
(363, 126671520)
(110, 1160206213)
(501, 438888833)
(248, 1303655121)
(639, 1000600241)
(640, 801875577)
(387, 173485996)
(134, 1290636937)
(525, 813932733)
(272, 1042615174)
(19, 1690092837)
(663, 1018559672)
(410, 37199298)
(157, 1692016831)
(548, 811641053)
(295, 1764572968)
(42, 861416687)
(686, 1233269959)
(433, 93210160)
(180, 1319866764)
(571, 1224012786)
(318, 719817535)
(65, 1316578087)
(709, 886513020)
(456, 369058190)
(203, 940487510)
(594, 1648234895)
(341, 200439939)
(88, 1605842273)
(732, 1389810577)
(479, 863442726)
(226, 639949861)
(617, 1640589141)
(364, 136235369)
(111, 956253571)
(502, 351243514)
(249, 929616627)
(641, 1827918134)
(388, 284200417)
(135, 1145058568)
(526, 413402350)
(273, 927531719)
(20, 830108385)
(664, 1407761690)
(411, 74249300)
(158, 1708075440)
(549, 997804138)
(296, 1254269077)
(43, 916605729)
(687, 612233597)
(434, 154994914)
(181, 902593322)
(572, 600515310)
(319, 2057682748)
(66, 925819552)
(710, 1071444155)
(457, 791277958)
(204, 932445043)
(595, 1735180492)
(342, 516794285)
(89, 1200929095)
(733, 1248655930)
(480, 233575674)
(227, 1450137938)
(618, 875111750)
(365, 232448861)
(112, 1005286279)
(503, 835820363)
(250, 1062397918)
(642, 1455546722)
(389, 1033468898)
(136, 1116955350)
(527, 1085294692)
(274, 1664998969)
(21, 722377781)
(665, 968332690)
(412, 315370166)
(159, 1006457974)
(550, 545735599)
(297, 1124884083)
(44, 930533945)
(688, 754095522)
(435, 359496624)
(182, 1224847506)
(573, 828333890)
(320, 1248699415)
(67, 896086279)
(711, 934330509)
(458, 149073515)
(205, 1973323837)
(596, 740124447)
(343, 1849255413)
(90, 1108325456)
(734, 832995348)
(481, 231690553)
(228, 612497420)
(619, 1030734968)
(366, 286929433)
(113, 1364756424)
(504, 209546350)
(251, 883999463)
(643, 1113803930)
(390, 635165722)
(137, 2196937797)
(528, 497287732)
(275, 768980519)
(22, 359039181)
(666, 1414126472)
(413, 245659885)
(160, 1252329391)
(551, 684176279)
(298, 953416298)
(45, 1061740754)
(689, 1085403218)
(436, 130401674)
(183, 1496483815)
(574, 694895845)
(321, 1417597682)
(68, 1042039905)
(712, 1450594906)
(459, 83970497)
(206, 947882084)
(597, 899215281)
(344, 1094209406)
(91, 1244178509)
(735, 720000645)
(482, 65155930)
(229, 1336577096)
(620, 1798575759)
(367, 1511113051)
(114, 1096274080)
(505, 201917521)
(252, 935120867)
